# CDF (-)  Resistance 150 Celcius before exposure (kOhm)
7.142857142857142461e-02 6.756756756756757021e+00
1.428571428571428492e-01 6.802721088435373709e+00
2.142857142857142738e-01 7.692307692307692513e+00
2.857142857142856984e-01 9.090909090909091717e+00
3.571428571428571508e-01 9.523809523809523725e+00
4.285714285714285476e-01 1.041666666666666607e+01
5.000000000000000000e-01 1.111111111111111072e+01
5.714285714285713969e-01 1.176470588235294201e+01
6.428571428571429047e-01 1.250000000000000000e+01
7.142857142857143016e-01 1.333333333333333393e+01
7.857142857142856984e-01 1.612903225806451601e+01
8.571428571428570953e-01 1.639344262295081833e+01
9.285714285714286031e-01 1.923076923076922995e+01
1.000000000000000000e+00 4.000000000000000000e+01
