# CDF (-)  Resistance 200 Celcius after exposure (kOhm)
5.263157894736841813e-02 8.547008547008546842e+00
1.052631578947368363e-01 8.547008547008546842e+00
1.578947368421052544e-01 1.052631578947368496e+01
2.105263157894736725e-01 1.086956521739130466e+01
2.631578947368420907e-01 1.250000000000000000e+01
3.157894736842105088e-01 1.428571428571428648e+01
3.684210526315789269e-01 1.666666666666666785e+01
4.210526315789473450e-01 1.694915254237288238e+01
4.736842105263157632e-01 1.694915254237288238e+01
5.263157894736841813e-01 1.724137931034482918e+01
5.789473684210526550e-01 1.724137931034482918e+01
6.315789473684210176e-01 1.818181818181818343e+01
6.842105263157894912e-01 1.818181818181818343e+01
7.368421052631578538e-01 2.000000000000000000e+01
7.894736842105263275e-01 2.083333333333333215e+01
8.421052631578946901e-01 2.777777777777777857e+01
8.947368421052631637e-01 3.846153846153845990e+01
9.473684210526315264e-01 4.000000000000000000e+01
1.000000000000000000e+00 1.000000000000000000e+02
