# CDF (-)  Resistance powershift (kOhm)
0.000000000000000000e+00 2.941176470588235503e+00
2.127659574468085055e-02 3.703703703703703720e+00
4.255319148936170109e-02 3.846153846153846256e+00
6.382978723404254817e-02 3.846153846153846256e+00
8.510638297872340219e-02 4.166666666666666963e+00
1.063829787234042562e-01 4.347826086956521507e+00
1.276595744680850963e-01 4.347826086956521507e+00
1.489361702127659504e-01 4.347826086956521507e+00
1.702127659574468044e-01 4.347826086956521507e+00
1.914893617021276584e-01 4.347826086956521507e+00
2.127659574468085124e-01 4.545454545454545858e+00
2.340425531914893664e-01 4.878048780487804770e+00
2.553191489361701927e-01 4.878048780487804770e+00
2.765957446808510745e-01 5.000000000000000000e+00
2.978723404255319007e-01 5.000000000000000000e+00
3.191489361702127825e-01 5.000000000000000000e+00
3.404255319148936088e-01 5.000000000000000000e+00
3.617021276595744905e-01 5.555555555555555358e+00
3.829787234042553168e-01 5.555555555555555358e+00
4.042553191489361430e-01 5.882352941176471006e+00
4.255319148936170248e-01 5.882352941176471006e+00
4.468085106382978511e-01 6.097560975609756184e+00
4.680851063829787329e-01 6.250000000000000000e+00
4.893617021276595591e-01 6.250000000000000000e+00
5.106382978723403854e-01 7.692307692307692513e+00
5.319148936170212671e-01 7.692307692307692513e+00
5.531914893617021489e-01 8.000000000000000000e+00
5.744680851063830307e-01 8.333333333333333925e+00
5.957446808510638014e-01 8.333333333333333925e+00
6.170212765957446832e-01 9.090909090909091717e+00
6.382978723404255650e-01 9.090909090909091717e+00
6.595744680851063357e-01 9.090909090909091717e+00
6.808510638297872175e-01 9.090909090909091717e+00
7.021276595744680993e-01 9.259259259259259522e+00
7.234042553191489811e-01 9.345794392523364635e+00
7.446808510638297518e-01 9.523809523809523725e+00
7.659574468085106336e-01 9.803921568627451677e+00
7.872340425531915153e-01 9.803921568627451677e+00
8.085106382978722861e-01 1.075268817204301008e+01
8.297872340425531679e-01 1.219512195121951237e+01
8.510638297872340496e-01 1.250000000000000000e+01
8.723404255319149314e-01 1.428571428571428648e+01
8.936170212765957022e-01 1.428571428571428648e+01
9.148936170212765839e-01 1.612903225806451601e+01
9.361702127659574657e-01 1.639344262295081833e+01
9.574468085106383475e-01 1.923076923076922995e+01
9.787234042553191182e-01 2.000000000000000000e+01
