# CDF (-)  Resistance 200 Celcius after exposure (kOhm)
5.263157894736841813e-02 1.754385964912280826e+01
1.052631578947368363e-01 1.851851851851851904e+01
1.578947368421052544e-01 2.173913043478260931e+01
2.105263157894736725e-01 2.857142857142857295e+01
2.631578947368420907e-01 2.857142857142857295e+01
3.157894736842105088e-01 2.941176470588235148e+01
3.684210526315789269e-01 2.941176470588235148e+01
4.210526315789473450e-01 3.125000000000000000e+01
4.736842105263157632e-01 3.225806451612903203e+01
5.263157894736841813e-01 3.333333333333333570e+01
5.789473684210526550e-01 3.571428571428571530e+01
6.315789473684210176e-01 4.000000000000000000e+01
6.842105263157894912e-01 4.000000000000000000e+01
7.368421052631578538e-01 4.166666666666666430e+01
7.894736842105263275e-01 5.263157894736841769e+01
8.421052631578946901e-01 6.666666666666667140e+01
8.947368421052631637e-01 7.692307692307691980e+01
9.473684210526315264e-01 7.692307692307691980e+01
1.000000000000000000e+00 8.333333333333332860e+01
