# Position (mu)  Height (mu)
-6.700000000000000000e+01 0.000000000000000000e+00
-2.700000000000000000e+01 0.000000000000000000e+00
-2.697409682027390332e+01 0.000000000000000000e+00
-2.697409682027390332e+01 1.568627450980392135e-02
-2.692220883805267917e+01 1.568627450980392135e-02
-2.692220883805267917e+01 3.137254901960784270e-02
-2.687021149994017577e+01 3.137254901960784270e-02
-2.687021149994017577e+01 4.705882352941176405e-02
-2.681810416984946599e+01 4.705882352941176405e-02
-2.681810416984946599e+01 6.274509803921568540e-02
-2.676588620538950636e+01 6.274509803921568540e-02
-2.676588620538950636e+01 7.843137254901960675e-02
-2.671355695777721806e+01 7.843137254901960675e-02
-2.671355695777721806e+01 9.411764705882352811e-02
-2.666111577174780578e+01 9.411764705882352811e-02
-2.666111577174780578e+01 1.098039215686274495e-01
-2.660856198546353824e+01 1.098039215686274495e-01
-2.660856198546353824e+01 1.254901960784313708e-01
-2.655589493042090155e+01 1.254901960784313708e-01
-2.655589493042090155e+01 1.411764705882352922e-01
-2.650311393135602245e+01 1.411764705882352922e-01
-2.650311393135602245e+01 1.568627450980392135e-01
-2.645021830614834712e+01 1.568627450980392135e-01
-2.645021830614834712e+01 1.725490196078431349e-01
-2.639720736572255788e+01 1.725490196078431349e-01
-2.639720736572255788e+01 1.882352941176470562e-01
-2.634408041394863886e+01 1.882352941176470562e-01
-2.634408041394863886e+01 2.039215686274509776e-01
-2.629083674754022937e+01 2.039215686274509776e-01
-2.629083674754022937e+01 2.196078431372548989e-01
-2.623747565595089526e+01 2.196078431372548989e-01
-2.623747565595089526e+01 2.352941176470588203e-01
-2.618399642126852100e+01 2.352941176470588203e-01
-2.618399642126852100e+01 2.509803921568627416e-01
-2.613039831810787561e+01 2.509803921568627416e-01
-2.613039831810787561e+01 2.666666666666666630e-01
-2.607668061350083022e+01 2.666666666666666630e-01
-2.607668061350083022e+01 2.823529411764705843e-01
-2.602284256678485264e+01 2.823529411764705843e-01
-2.602284256678485264e+01 2.980392156862745057e-01
-2.596888342948908956e+01 2.980392156862745057e-01
-2.596888342948908956e+01 3.137254901960784270e-01
-2.591480244521846643e+01 3.137254901960784270e-01
-2.591480244521846643e+01 3.294117647058823484e-01
-2.586059884953541754e+01 3.294117647058823484e-01
-2.586059884953541754e+01 3.450980392156862697e-01
-2.580627186983946686e+01 3.450980392156862697e-01
-2.580627186983946686e+01 3.607843137254901911e-01
-2.575182072524441068e+01 3.607843137254901911e-01
-2.575182072524441068e+01 3.764705882352941124e-01
-2.569724462645306673e+01 3.764705882352941124e-01
-2.569724462645306673e+01 3.921568627450980338e-01
-2.564254277562970330e+01 3.921568627450980338e-01
-2.564254277562970330e+01 4.078431372549019551e-01
-2.558771436626981810e+01 4.078431372549019551e-01
-2.558771436626981810e+01 4.235294117647058765e-01
-2.553275858306748347e+01 4.235294117647058765e-01
-2.553275858306748347e+01 4.392156862745097978e-01
-2.547767460178000931e+01 4.392156862745097978e-01
-2.547767460178000931e+01 4.549019607843137192e-01
-2.542246158908987042e+01 4.549019607843137192e-01
-2.542246158908987042e+01 4.705882352941176405e-01
-2.536711870246396572e+01 4.705882352941176405e-01
-2.536711870246396572e+01 4.862745098039215619e-01
-2.531164509001003182e+01 4.862745098039215619e-01
-2.531164509001003182e+01 5.019607843137254832e-01
-2.525603989033008645e+01 5.019607843137254832e-01
-2.525603989033008645e+01 5.176470588235293491e-01
-2.520030223237101907e+01 5.176470588235293491e-01
-2.520030223237101907e+01 5.333333333333333259e-01
-2.514443123527210489e+01 5.333333333333333259e-01
-2.514443123527210489e+01 5.490196078431373028e-01
-2.508842600820936042e+01 5.490196078431373028e-01
-2.508842600820936042e+01 5.647058823529411686e-01
-2.503228565023671592e+01 5.647058823529411686e-01
-2.503228565023671592e+01 5.803921568627450345e-01
-2.497600925012406137e+01 5.803921568627450345e-01
-2.497600925012406137e+01 5.960784313725490113e-01
-2.491959588619169708e+01 5.960784313725490113e-01
-2.491959588619169708e+01 6.117647058823529882e-01
-2.486304462614154787e+01 6.117647058823529882e-01
-2.486304462614154787e+01 6.274509803921568540e-01
-2.480635452688471076e+01 6.274509803921568540e-01
-2.480635452688471076e+01 6.431372549019607199e-01
-2.474952463436552108e+01 6.431372549019607199e-01
-2.474952463436552108e+01 6.588235294117646967e-01
-2.469255398338174601e+01 6.588235294117646967e-01
-2.469255398338174601e+01 6.745098039215686736e-01
-2.463544159740111539e+01 6.745098039215686736e-01
-2.463544159740111539e+01 6.901960784313725394e-01
-2.457818648837388054e+01 6.901960784313725394e-01
-2.457818648837388054e+01 7.058823529411764053e-01
-2.452078765654138337e+01 7.058823529411764053e-01
-2.452078765654138337e+01 7.215686274509803821e-01
-2.446324409024045465e+01 7.215686274509803821e-01
-2.446324409024045465e+01 7.372549019607843590e-01
-2.440555476570364135e+01 7.372549019607843590e-01
-2.440555476570364135e+01 7.529411764705882248e-01
-2.434771864685517784e+01 7.529411764705882248e-01
-2.434771864685517784e+01 7.686274509803920907e-01
-2.428973468510233857e+01 7.686274509803920907e-01
-2.428973468510233857e+01 7.843137254901960675e-01
-2.423160181912230726e+01 7.843137254901960675e-01
-2.423160181912230726e+01 8.000000000000000444e-01
-2.417331897464440260e+01 8.000000000000000444e-01
-2.417331897464440260e+01 8.156862745098039102e-01
-2.411488506422741551e+01 8.156862745098039102e-01
-2.411488506422741551e+01 8.313725490196077761e-01
-2.405629898703202940e+01 8.313725490196077761e-01
-2.405629898703202940e+01 8.470588235294117530e-01
-2.399755962858812808e+01 8.470588235294117530e-01
-2.399755962858812808e+01 8.627450980392157298e-01
-2.393866586055684564e+01 8.627450980392157298e-01
-2.393866586055684564e+01 8.784313725490195957e-01
-2.387961654048744720e+01 8.784313725490195957e-01
-2.387961654048744720e+01 8.941176470588234615e-01
-2.382041051156839373e+01 8.941176470588234615e-01
-2.382041051156839373e+01 9.098039215686274384e-01
-2.376104660237292521e+01 9.098039215686274384e-01
-2.376104660237292521e+01 9.254901960784314152e-01
-2.370152362659881007e+01 9.254901960784314152e-01
-2.370152362659881007e+01 9.411764705882352811e-01
-2.364184038280203382e+01 9.411764705882352811e-01
-2.364184038280203382e+01 9.568627450980391469e-01
-2.358199565412437693e+01 9.568627450980391469e-01
-2.358199565412437693e+01 9.725490196078431238e-01
-2.352198820801459078e+01 9.725490196078431238e-01
-2.352198820801459078e+01 9.882352941176471006e-01
-2.346181679594307568e+01 9.882352941176471006e-01
-2.346181679594307568e+01 1.003921568627450966e+00
-2.340148015310998630e+01 1.003921568627450966e+00
-2.340148015310998630e+01 1.019607843137254832e+00
-2.334097699814617854e+01 1.019607843137254832e+00
-2.334097699814617854e+01 1.035294117647058698e+00
-2.328030603280721778e+01 1.035294117647058698e+00
-2.328030603280721778e+01 1.050980392156862786e+00
-2.321946594166017164e+01 1.050980392156862786e+00
-2.321946594166017164e+01 1.066666666666666652e+00
-2.315845539176255485e+01 1.066666666666666652e+00
-2.315845539176255485e+01 1.082352941176470518e+00
-2.309727303233392703e+01 1.082352941176470518e+00
-2.309727303233392703e+01 1.098039215686274606e+00
-2.303591749441918424e+01 1.098039215686274606e+00
-2.303591749441918424e+01 1.113725490196078471e+00
-2.297438739054384627e+01 1.113725490196078471e+00
-2.297438739054384627e+01 1.129411764705882337e+00
-2.291268131436074285e+01 1.129411764705882337e+00
-2.291268131436074285e+01 1.145098039215686203e+00
-2.285079784028810579e+01 1.145098039215686203e+00
-2.285079784028810579e+01 1.160784313725490069e+00
-2.278873552313861239e+01 1.160784313725490069e+00
-2.278873552313861239e+01 1.176470588235294157e+00
-2.272649289773913850e+01 1.176470588235294157e+00
-2.272649289773913850e+01 1.192156862745098023e+00
-2.266406847854108975e+01 1.192156862745098023e+00
-2.266406847854108975e+01 1.207843137254901889e+00
-2.260146075922074260e+01 1.207843137254901889e+00
-2.260146075922074260e+01 1.223529411764705976e+00
-2.253866821226967687e+01 1.223529411764705976e+00
-2.253866821226967687e+01 1.239215686274509842e+00
-2.247568928857442216e+01 1.239215686274509842e+00
-2.247568928857442216e+01 1.254901960784313708e+00
-2.241252241698570913e+01 1.254901960784313708e+00
-2.241252241698570913e+01 1.270588235294117574e+00
-2.234916600387628804e+01 1.270588235294117574e+00
-2.234916600387628804e+01 1.286274509803921440e+00
-2.228561843268736453e+01 1.286274509803921440e+00
-2.228561843268736453e+01 1.301960784313725528e+00
-2.222187806346337524e+01 1.301960784313725528e+00
-2.222187806346337524e+01 1.317647058823529393e+00
-2.215794323237423669e+01 1.317647058823529393e+00
-2.215794323237423669e+01 1.333333333333333259e+00
-2.209381225122516668e+01 1.333333333333333259e+00
-2.209381225122516668e+01 1.349019607843137347e+00
-2.202948340695348861e+01 1.349019607843137347e+00
-2.202948340695348861e+01 1.364705882352941213e+00
-2.196495496111192836e+01 1.364705882352941213e+00
-2.196495496111192836e+01 1.380392156862745079e+00
-2.190022514933795605e+01 1.380392156862745079e+00
-2.190022514933795605e+01 1.396078431372548945e+00
-2.183529218080899170e+01 1.396078431372548945e+00
-2.183529218080899170e+01 1.411764705882352811e+00
-2.177015423768252944e+01 1.411764705882352811e+00
-2.177015423768252944e+01 1.427450980392156898e+00
-2.170480947452106690e+01 1.427450980392156898e+00
-2.170480947452106690e+01 1.443137254901960764e+00
-2.163925601770114326e+01 1.443137254901960764e+00
-2.163925601770114326e+01 1.458823529411764630e+00
-2.157349196480614495e+01 1.458823529411764630e+00
-2.157349196480614495e+01 1.474509803921568718e+00
-2.150751538400194107e+01 1.474509803921568718e+00
-2.150751538400194107e+01 1.490196078431372584e+00
-2.144132431339509637e+01 1.490196078431372584e+00
-2.144132431339509637e+01 1.505882352941176450e+00
-2.137491676037312160e+01 1.505882352941176450e+00
-2.137491676037312160e+01 1.521568627450980316e+00
-2.130829070092565303e+01 1.521568627450980316e+00
-2.130829070092565303e+01 1.537254901960784181e+00
-2.124144407894660702e+01 1.537254901960784181e+00
-2.124144407894660702e+01 1.552941176470588269e+00
-2.117437480551574325e+01 1.552941176470588269e+00
-2.117437480551574325e+01 1.568627450980392135e+00
-2.110708075816000928e+01 1.568627450980392135e+00
-2.110708075816000928e+01 1.584313725490196001e+00
-2.103955978009283001e+01 1.584313725490196001e+00
-2.103955978009283001e+01 1.600000000000000089e+00
-2.097180967943147678e+01 1.600000000000000089e+00
-2.097180967943147678e+01 1.615686274509803955e+00
-2.090382822839099930e+01 1.615686274509803955e+00
-2.090382822839099930e+01 1.631372549019607820e+00
-2.083561316245431883e+01 1.631372549019607820e+00
-2.083561316245431883e+01 1.647058823529411686e+00
-2.076716217951762999e+01 1.647058823529411686e+00
-2.076716217951762999e+01 1.662745098039215552e+00
-2.069847293900977192e+01 1.662745098039215552e+00
-2.069847293900977192e+01 1.678431372549019640e+00
-2.062954306098506052e+01 1.678431372549019640e+00
-2.062954306098506052e+01 1.694117647058823506e+00
-2.056037012518832796e+01 1.694117647058823506e+00
-2.056037012518832796e+01 1.709803921568627372e+00
-2.049095167009138763e+01 1.709803921568627372e+00
-2.049095167009138763e+01 1.725490196078431460e+00
-2.042128519189936142e+01 1.725490196078431460e+00
-2.042128519189936142e+01 1.741176470588235325e+00
-2.035136814352641110e+01 1.741176470588235325e+00
-2.035136814352641110e+01 1.756862745098039191e+00
-2.028119793353878464e+01 1.756862745098039191e+00
-2.028119793353878464e+01 1.772549019607843057e+00
-2.021077192506503195e+01 1.772549019607843057e+00
-2.021077192506503195e+01 1.788235294117646923e+00
-2.014008743467119089e+01 1.788235294117646923e+00
-2.014008743467119089e+01 1.803921568627451011e+00
-2.006914173119988121e+01 1.803921568627451011e+00
-2.006914173119988121e+01 1.819607843137254877e+00
-1.999793203457200974e+01 1.819607843137254877e+00
-1.999793203457200974e+01 1.835294117647058743e+00
-1.992645551454946329e+01 1.835294117647058743e+00
-1.992645551454946329e+01 1.850980392156862830e+00
-1.985470928945721880e+01 1.850980392156862830e+00
-1.985470928945721880e+01 1.866666666666666696e+00
-1.978269042486338947e+01 1.866666666666666696e+00
-1.978269042486338947e+01 1.882352941176470562e+00
-1.971039593221533437e+01 1.882352941176470562e+00
-1.971039593221533437e+01 1.898039215686274428e+00
-1.963782276742976407e+01 1.898039215686274428e+00
-1.963782276742976407e+01 1.913725490196078294e+00
-1.956496782943584023e+01 1.913725490196078294e+00
-1.956496782943584023e+01 1.929411764705882382e+00
-1.949182795866818552e+01 1.929411764705882382e+00
-1.949182795866818552e+01 1.945098039215686248e+00
-1.941839993550865628e+01 1.945098039215686248e+00
-1.941839993550865628e+01 1.960784313725490113e+00
-1.934468047867400387e+01 1.960784313725490113e+00
-1.934468047867400387e+01 1.976470588235294201e+00
-1.927066624354758062e+01 1.976470588235294201e+00
-1.927066624354758062e+01 1.992156862745098067e+00
-1.919635382045246530e+01 1.992156862745098067e+00
-1.919635382045246530e+01 2.007843137254901933e+00
-1.912173973286375528e+01 2.007843137254901933e+00
-1.912173973286375528e+01 2.023529411764705799e+00
-1.904682043555683180e+01 2.023529411764705799e+00
-1.904682043555683180e+01 2.039215686274509665e+00
-1.897159231268933510e+01 2.039215686274509665e+00
-1.897159231268933510e+01 2.054901960784313530e+00
-1.889605167581379774e+01 2.054901960784313530e+00
-1.889605167581379774e+01 2.070588235294117396e+00
-1.882019476181743656e+01 2.070588235294117396e+00
-1.882019476181743656e+01 2.086274509803921706e+00
-1.874401773078658806e+01 2.086274509803921706e+00
-1.874401773078658806e+01 2.101960784313725572e+00
-1.866751666379130725e+01 2.101960784313725572e+00
-1.866751666379130725e+01 2.117647058823529438e+00
-1.859068756058782768e+01 2.117647058823529438e+00
-1.859068756058782768e+01 2.133333333333333304e+00
-1.851352633723371710e+01 2.133333333333333304e+00
-1.851352633723371710e+01 2.149019607843137170e+00
-1.843602882361281914e+01 2.149019607843137170e+00
-1.843602882361281914e+01 2.164705882352941035e+00
-1.835819076086484358e+01 2.164705882352941035e+00
-1.835819076086484358e+01 2.180392156862744901e+00
-1.828000779871570103e+01 2.180392156862744901e+00
-1.828000779871570103e+01 2.196078431372549211e+00
-1.820147549270373943e+01 2.196078431372549211e+00
-1.820147549270373943e+01 2.211764705882353077e+00
-1.812258930129653223e+01 2.211764705882353077e+00
-1.812258930129653223e+01 2.227450980392156943e+00
-1.804334458289329035e+01 2.227450980392156943e+00
-1.804334458289329035e+01 2.243137254901960809e+00
-1.796373659270711443e+01 2.243137254901960809e+00
-1.796373659270711443e+01 2.258823529411764675e+00
-1.788376047952133518e+01 2.258823529411764675e+00
-1.788376047952133518e+01 2.274509803921568540e+00
-1.780341128231323822e+01 2.274509803921568540e+00
-1.780341128231323822e+01 2.290196078431372406e+00
-1.772268392673892379e+01 2.290196078431372406e+00
-1.772268392673892379e+01 2.305882352941176272e+00
-1.764157322147224605e+01 2.305882352941176272e+00
-1.764157322147224605e+01 2.321568627450980138e+00
-1.756007385438984514e+01 2.321568627450980138e+00
-1.756007385438984514e+01 2.337254901960784448e+00
-1.747818038859513123e+01 2.337254901960784448e+00
-1.747818038859513123e+01 2.352941176470588314e+00
-1.739588725827170279e+01 2.352941176470588314e+00
-1.739588725827170279e+01 2.368627450980392180e+00
-1.731318876435854293e+01 2.368627450980392180e+00
-1.731318876435854293e+01 2.384313725490196045e+00
-1.723007907003646011e+01 2.384313725490196045e+00
-1.723007907003646011e+01 2.399999999999999911e+00
-1.714655219601563729e+01 2.399999999999999911e+00
-1.714655219601563729e+01 2.415686274509803777e+00
-1.706260201561454437e+01 2.415686274509803777e+00
-1.706260201561454437e+01 2.431372549019607643e+00
-1.697822224961733539e+01 2.431372549019607643e+00
-1.697822224961733539e+01 2.447058823529411953e+00
-1.689340646089868159e+01 2.447058823529411953e+00
-1.689340646089868159e+01 2.462745098039215819e+00
-1.680814804880211000e+01 2.462745098039215819e+00
-1.680814804880211000e+01 2.478431372549019684e+00
-1.672244024325850376e+01 2.478431372549019684e+00
-1.672244024325850376e+01 2.494117647058823550e+00
-1.663627609862963297e+01 2.494117647058823550e+00
-1.663627609862963297e+01 2.509803921568627416e+00
-1.654964848726111981e+01 2.509803921568627416e+00
-1.654964848726111981e+01 2.525490196078431282e+00
-1.646255009272730163e+01 2.525490196078431282e+00
-1.646255009272730163e+01 2.541176470588235148e+00
-1.637497340275066549e+01 2.541176470588235148e+00
-1.637497340275066549e+01 2.556862745098039014e+00
-1.628691070177559297e+01 2.556862745098039014e+00
-1.628691070177559297e+01 2.572549019607842880e+00
-1.619835406317621818e+01 2.572549019607842880e+00
-1.619835406317621818e+01 2.588235294117647189e+00
-1.610929534107576799e+01 2.588235294117647189e+00
-1.610929534107576799e+01 2.603921568627451055e+00
-1.601972616175376274e+01 2.603921568627451055e+00
-1.601972616175376274e+01 2.619607843137254921e+00
-1.592963791461485101e+01 2.619607843137254921e+00
-1.592963791461485101e+01 2.635294117647058787e+00
-1.583902174269215379e+01 2.635294117647058787e+00
-1.583902174269215379e+01 2.650980392156862653e+00
-1.574786853265543485e+01 2.650980392156862653e+00
-1.574786853265543485e+01 2.666666666666666519e+00
-1.565616890429163099e+01 2.666666666666666519e+00
-1.565616890429163099e+01 2.682352941176470384e+00
-1.556391319942385110e+01 2.682352941176470384e+00
-1.556391319942385110e+01 2.698039215686274694e+00
-1.547109147023176590e+01 2.698039215686274694e+00
-1.547109147023176590e+01 2.713725490196078560e+00
-1.537769346693245787e+01 2.713725490196078560e+00
-1.537769346693245787e+01 2.729411764705882426e+00
-1.528370862478026559e+01 2.729411764705882426e+00
-1.528370862478026559e+01 2.745098039215686292e+00
-1.518912605033650109e+01 2.745098039215686292e+00
-1.518912605033650109e+01 2.760784313725490158e+00
-1.509393450696085992e+01 2.760784313725490158e+00
-1.509393450696085992e+01 2.776470588235294024e+00
-1.499812239946785297e+01 2.776470588235294024e+00
-1.499812239946785297e+01 2.792156862745097889e+00
-1.490167775789026017e+01 2.792156862745097889e+00
-1.490167775789026017e+01 2.807843137254901755e+00
-1.480458822028374577e+01 2.807843137254901755e+00
-1.480458822028374577e+01 2.823529411764705621e+00
-1.470684101450456005e+01 2.823529411764705621e+00
-1.470684101450456005e+01 2.839215686274509931e+00
-1.460842293888171817e+01 2.839215686274509931e+00
-1.460842293888171817e+01 2.854901960784313797e+00
-1.450932034170319973e+01 2.854901960784313797e+00
-1.450932034170319973e+01 2.870588235294117663e+00
-1.440951909942394593e+01 2.870588235294117663e+00
-1.440951909942394593e+01 2.886274509803921529e+00
-1.430900459349802034e+01 2.886274509803921529e+00
-1.430900459349802034e+01 2.901960784313725394e+00
-1.420776168572713694e+01 2.901960784313725394e+00
-1.420776168572713694e+01 2.917647058823529260e+00
-1.410577469200713985e+01 2.917647058823529260e+00
-1.410577469200713985e+01 2.933333333333333126e+00
-1.400302735434395451e+01 2.933333333333333126e+00
-1.400302735434395451e+01 2.949019607843137436e+00
-1.389950281099749674e+01 2.949019607843137436e+00
-1.389950281099749674e+01 2.964705882352941302e+00
-1.379518356459712258e+01 2.964705882352941302e+00
-1.379518356459712258e+01 2.980392156862745168e+00
-1.369005144805965202e+01 2.980392156862745168e+00
-1.369005144805965202e+01 2.996078431372549034e+00
-1.358408758811914296e+01 2.996078431372549034e+00
-1.358408758811914296e+01 3.011764705882352899e+00
-1.347727236626349168e+01 3.011764705882352899e+00
-1.347727236626349168e+01 3.027450980392156765e+00
-1.336958537684655468e+01 3.027450980392156765e+00
-1.336958537684655468e+01 3.043137254901960631e+00
-1.326100538212369173e+01 3.043137254901960631e+00
-1.326100538212369173e+01 3.058823529411764497e+00
-1.315151026392871714e+01 3.058823529411764497e+00
-1.315151026392871714e+01 3.074509803921568363e+00
-1.304107697168128333e+01 3.074509803921568363e+00
-1.304107697168128333e+01 3.090196078431372673e+00
-1.292968146637774218e+01 3.090196078431372673e+00
-1.292968146637774218e+01 3.105882352941176539e+00
-1.281729866018003250e+01 3.105882352941176539e+00
-1.281729866018003250e+01 3.121568627450980404e+00
-1.270390235117139888e+01 3.121568627450980404e+00
-1.270390235117139888e+01 3.137254901960784270e+00
-1.258946515279844292e+01 3.137254901960784270e+00
-1.258946515279844292e+01 3.152941176470588136e+00
-1.247395841746071632e+01 3.152941176470588136e+00
-1.247395841746071632e+01 3.168627450980392002e+00
-1.235735215364263695e+01 3.168627450980392002e+00
-1.235735215364263695e+01 3.184313725490195868e+00
-1.223961493590857863e+01 3.184313725490195868e+00
-1.223961493590857863e+01 3.200000000000000178e+00
-1.212071380699507195e+01 3.200000000000000178e+00
-1.212071380699507195e+01 3.215686274509804043e+00
-1.200061417113433215e+01 3.215686274509804043e+00
-1.200061417113433215e+01 3.231372549019607909e+00
-1.187927967763037707e+01 3.231372549019607909e+00
-1.187927967763037707e+01 3.247058823529411775e+00
-1.175667209357642307e+01 3.247058823529411775e+00
-1.175667209357642307e+01 3.262745098039215641e+00
-1.163275116444857638e+01 3.262745098039215641e+00
-1.163275116444857638e+01 3.278431372549019507e+00
-1.150747446113461514e+01 3.278431372549019507e+00
-1.150747446113461514e+01 3.294117647058823373e+00
-1.138079721174812242e+01 3.294117647058823373e+00
-1.138079721174812242e+01 3.309803921568627239e+00
-1.125267211633693876e+01 3.309803921568627239e+00
-1.125267211633693876e+01 3.325490196078431104e+00
-1.112304914230907471e+01 3.325490196078431104e+00
-1.112304914230907471e+01 3.341176470588235414e+00
-1.099187529806643049e+01 3.341176470588235414e+00
-1.099187529806643049e+01 3.356862745098039280e+00
-1.085909438193848153e+01 3.356862745098039280e+00
-1.085909438193848153e+01 3.372549019607843146e+00
-1.072464670304049683e+01 3.372549019607843146e+00
-1.072464670304049683e+01 3.388235294117647012e+00
-1.058846877012014787e+01 3.388235294117647012e+00
-1.058846877012014787e+01 3.403921568627450878e+00
-1.045049294378817883e+01 3.403921568627450878e+00
-1.045049294378817883e+01 3.419607843137254743e+00
-1.031064704672349563e+01 3.419607843137254743e+00
-1.031064704672349563e+01 3.435294117647058609e+00
-1.016885392547420253e+01 3.435294117647058609e+00
-1.016885392547420253e+01 3.450980392156862919e+00
-1.002503095629838192e+01 3.450980392156862919e+00
-1.002503095629838192e+01 3.466666666666666785e+00
-9.879089486052556879e+00 3.466666666666666785e+00
-9.879089486052556879e+00 3.482352941176470651e+00
-9.730934197378495298e+00 3.482352941176470651e+00
-9.730934197378495298e+00 3.498039215686274517e+00
-9.580462385269969516e+00 3.498039215686274517e+00
-9.580462385269969516e+00 3.513725490196078383e+00
-9.427563129410282627e+00 3.513725490196078383e+00
-9.427563129410282627e+00 3.529411764705882248e+00
-9.272116343319146026e+00 3.529411764705882248e+00
-9.272116343319146026e+00 3.545098039215686114e+00
-9.113991677122520230e+00 3.545098039215686114e+00
-9.113991677122520230e+00 3.560784313725489980e+00
-8.953047245427432799e+00 3.560784313725489980e+00
-8.953047245427432799e+00 3.576470588235293846e+00
-8.789128144966124268e+00 3.576470588235293846e+00
-8.789128144966124268e+00 3.592156862745098156e+00
-8.622064717919956323e+00 3.592156862745098156e+00
-8.622064717919956323e+00 3.607843137254902022e+00
-8.451670505465131100e+00 3.607843137254902022e+00
-8.451670505465131100e+00 3.623529411764705888e+00
-8.277739821200160719e+00 3.623529411764705888e+00
-8.277739821200160719e+00 3.639215686274509753e+00
-8.100044854418971596e+00 3.639215686274509753e+00
-8.100044854418971596e+00 3.654901960784313619e+00
-7.918332186849718290e+00 3.654901960784313619e+00
-7.918332186849718290e+00 3.670588235294117485e+00
-7.732318570815988501e+00 3.670588235294117485e+00
-7.732318570815988501e+00 3.686274509803921351e+00
-7.541685767880688118e+00 3.686274509803921351e+00
-7.541685767880688118e+00 3.701960784313725661e+00
-7.346074179036515162e+00 3.701960784313725661e+00
-7.346074179036515162e+00 3.717647058823529527e+00
-7.145074901492949770e+00 3.717647058823529527e+00
-7.145074901492949770e+00 3.733333333333333393e+00
-6.938219709231231214e+00 3.733333333333333393e+00
-6.938219709231231214e+00 3.749019607843137258e+00
-6.724968252770382016e+00 3.749019607843137258e+00
-6.724968252770382016e+00 3.764705882352941124e+00
-6.504691472280518916e+00 3.764705882352941124e+00
-6.504691472280518916e+00 3.780392156862744990e+00
-6.276649757628098847e+00 3.780392156862744990e+00
-6.276649757628098847e+00 3.796078431372548856e+00
-6.039963666437869527e+00 3.796078431372548856e+00
-6.039963666437869527e+00 3.811764705882352722e+00
-5.793573843961002723e+00 3.811764705882352722e+00
-5.793573843961002723e+00 3.827450980392156588e+00
-5.536184838004864162e+00 3.827450980392156588e+00
-5.536184838004864162e+00 3.843137254901960898e+00
-5.266184113498461272e+00 3.843137254901960898e+00
-5.266184113498461272e+00 3.858823529411764763e+00
-4.981521409725826466e+00 3.858823529411764763e+00
-4.981521409725826466e+00 3.874509803921568629e+00
-4.679521757128026316e+00 3.874509803921568629e+00
-4.679521757128026316e+00 3.890196078431372495e+00
-4.356581237265651829e+00 3.890196078431372495e+00
-4.356581237265651829e+00 3.905882352941176361e+00
-4.007640722412656231e+00 3.905882352941176361e+00
-4.007640722412656231e+00 3.921568627450980227e+00
-3.625200149587346488e+00 3.921568627450980227e+00
-3.625200149587346488e+00 3.937254901960784093e+00
-3.197260697969810384e+00 3.937254901960784093e+00
-3.197260697969810384e+00 3.952941176470588402e+00
-2.702292304428925984e+00 3.952941176470588402e+00
-2.702292304428925984e+00 3.968627450980392268e+00
-2.093274780806195778e+00 3.968627450980392268e+00
-2.093274780806195778e+00 3.984313725490196134e+00
-1.208603656672351478e+00 3.984313725490196134e+00
-1.208603656672351478e+00 4.000000000000000000e+00
1.208603656672351478e+00 4.000000000000000000e+00
1.208603656672351478e+00 3.984313725490196134e+00
2.093274780806195778e+00 3.984313725490196134e+00
2.093274780806195778e+00 3.968627450980392268e+00
2.702292304428925984e+00 3.968627450980392268e+00
2.702292304428925984e+00 3.952941176470588402e+00
3.197260697969810384e+00 3.952941176470588402e+00
3.197260697969810384e+00 3.937254901960784093e+00
3.625200149587346488e+00 3.937254901960784093e+00
3.625200149587346488e+00 3.921568627450980227e+00
4.007640722412656231e+00 3.921568627450980227e+00
4.007640722412656231e+00 3.905882352941176361e+00
4.356581237265651829e+00 3.905882352941176361e+00
4.356581237265651829e+00 3.890196078431372495e+00
4.679521757128026316e+00 3.890196078431372495e+00
4.679521757128026316e+00 3.874509803921568629e+00
4.981521409725826466e+00 3.874509803921568629e+00
4.981521409725826466e+00 3.858823529411764763e+00
5.266184113498461272e+00 3.858823529411764763e+00
5.266184113498461272e+00 3.843137254901960898e+00
5.536184838004864162e+00 3.843137254901960898e+00
5.536184838004864162e+00 3.827450980392156588e+00
5.793573843961002723e+00 3.827450980392156588e+00
5.793573843961002723e+00 3.811764705882352722e+00
6.039963666437869527e+00 3.811764705882352722e+00
6.039963666437869527e+00 3.796078431372548856e+00
6.276649757628098847e+00 3.796078431372548856e+00
6.276649757628098847e+00 3.780392156862744990e+00
6.504691472280518916e+00 3.780392156862744990e+00
6.504691472280518916e+00 3.764705882352941124e+00
6.724968252770382016e+00 3.764705882352941124e+00
6.724968252770382016e+00 3.749019607843137258e+00
6.938219709231231214e+00 3.749019607843137258e+00
6.938219709231231214e+00 3.733333333333333393e+00
7.145074901492949770e+00 3.733333333333333393e+00
7.145074901492949770e+00 3.717647058823529527e+00
7.346074179036515162e+00 3.717647058823529527e+00
7.346074179036515162e+00 3.701960784313725661e+00
7.541685767880688118e+00 3.701960784313725661e+00
7.541685767880688118e+00 3.686274509803921351e+00
7.732318570815988501e+00 3.686274509803921351e+00
7.732318570815988501e+00 3.670588235294117485e+00
7.918332186849718290e+00 3.670588235294117485e+00
7.918332186849718290e+00 3.654901960784313619e+00
8.100044854418971596e+00 3.654901960784313619e+00
8.100044854418971596e+00 3.639215686274509753e+00
8.277739821200160719e+00 3.639215686274509753e+00
8.277739821200160719e+00 3.623529411764705888e+00
8.451670505465131100e+00 3.623529411764705888e+00
8.451670505465131100e+00 3.607843137254902022e+00
8.622064717919956323e+00 3.607843137254902022e+00
8.622064717919956323e+00 3.592156862745098156e+00
8.789128144966124268e+00 3.592156862745098156e+00
8.789128144966124268e+00 3.576470588235293846e+00
8.953047245427432799e+00 3.576470588235293846e+00
8.953047245427432799e+00 3.560784313725489980e+00
9.113991677122520230e+00 3.560784313725489980e+00
9.113991677122520230e+00 3.545098039215686114e+00
9.272116343319146026e+00 3.545098039215686114e+00
9.272116343319146026e+00 3.529411764705882248e+00
9.427563129410282627e+00 3.529411764705882248e+00
9.427563129410282627e+00 3.513725490196078383e+00
9.580462385269969516e+00 3.513725490196078383e+00
9.580462385269969516e+00 3.498039215686274517e+00
9.730934197378495298e+00 3.498039215686274517e+00
9.730934197378495298e+00 3.482352941176470651e+00
9.879089486052556879e+00 3.482352941176470651e+00
9.879089486052556879e+00 3.466666666666666785e+00
1.002503095629838192e+01 3.466666666666666785e+00
1.002503095629838192e+01 3.450980392156862919e+00
1.016885392547420253e+01 3.450980392156862919e+00
1.016885392547420253e+01 3.435294117647058609e+00
1.031064704672349563e+01 3.435294117647058609e+00
1.031064704672349563e+01 3.419607843137254743e+00
1.045049294378817883e+01 3.419607843137254743e+00
1.045049294378817883e+01 3.403921568627450878e+00
1.058846877012014787e+01 3.403921568627450878e+00
1.058846877012014787e+01 3.388235294117647012e+00
1.072464670304049683e+01 3.388235294117647012e+00
1.072464670304049683e+01 3.372549019607843146e+00
1.085909438193848153e+01 3.372549019607843146e+00
1.085909438193848153e+01 3.356862745098039280e+00
1.099187529806643049e+01 3.356862745098039280e+00
1.099187529806643049e+01 3.341176470588235414e+00
1.112304914230907471e+01 3.341176470588235414e+00
1.112304914230907471e+01 3.325490196078431104e+00
1.125267211633693876e+01 3.325490196078431104e+00
1.125267211633693876e+01 3.309803921568627239e+00
1.138079721174812242e+01 3.309803921568627239e+00
1.138079721174812242e+01 3.294117647058823373e+00
1.150747446113461514e+01 3.294117647058823373e+00
1.150747446113461514e+01 3.278431372549019507e+00
1.163275116444857638e+01 3.278431372549019507e+00
1.163275116444857638e+01 3.262745098039215641e+00
1.175667209357642307e+01 3.262745098039215641e+00
1.175667209357642307e+01 3.247058823529411775e+00
1.187927967763037707e+01 3.247058823529411775e+00
1.187927967763037707e+01 3.231372549019607909e+00
1.200061417113433215e+01 3.231372549019607909e+00
1.200061417113433215e+01 3.215686274509804043e+00
1.212071380699507195e+01 3.215686274509804043e+00
1.212071380699507195e+01 3.200000000000000178e+00
1.223961493590857863e+01 3.200000000000000178e+00
1.223961493590857863e+01 3.184313725490195868e+00
1.235735215364263695e+01 3.184313725490195868e+00
1.235735215364263695e+01 3.168627450980392002e+00
1.247395841746071632e+01 3.168627450980392002e+00
1.247395841746071632e+01 3.152941176470588136e+00
1.258946515279844292e+01 3.152941176470588136e+00
1.258946515279844292e+01 3.137254901960784270e+00
1.270390235117139888e+01 3.137254901960784270e+00
1.270390235117139888e+01 3.121568627450980404e+00
1.281729866018003250e+01 3.121568627450980404e+00
1.281729866018003250e+01 3.105882352941176539e+00
1.292968146637774218e+01 3.105882352941176539e+00
1.292968146637774218e+01 3.090196078431372673e+00
1.304107697168128333e+01 3.090196078431372673e+00
1.304107697168128333e+01 3.074509803921568363e+00
1.315151026392871714e+01 3.074509803921568363e+00
1.315151026392871714e+01 3.058823529411764497e+00
1.326100538212369173e+01 3.058823529411764497e+00
1.326100538212369173e+01 3.043137254901960631e+00
1.336958537684655468e+01 3.043137254901960631e+00
1.336958537684655468e+01 3.027450980392156765e+00
1.347727236626349168e+01 3.027450980392156765e+00
1.347727236626349168e+01 3.011764705882352899e+00
1.358408758811914296e+01 3.011764705882352899e+00
1.358408758811914296e+01 2.996078431372549034e+00
1.369005144805965202e+01 2.996078431372549034e+00
1.369005144805965202e+01 2.980392156862745168e+00
1.379518356459712258e+01 2.980392156862745168e+00
1.379518356459712258e+01 2.964705882352941302e+00
1.389950281099749674e+01 2.964705882352941302e+00
1.389950281099749674e+01 2.949019607843137436e+00
1.400302735434395451e+01 2.949019607843137436e+00
1.400302735434395451e+01 2.933333333333333126e+00
1.410577469200713985e+01 2.933333333333333126e+00
1.410577469200713985e+01 2.917647058823529260e+00
1.420776168572713694e+01 2.917647058823529260e+00
1.420776168572713694e+01 2.901960784313725394e+00
1.430900459349802034e+01 2.901960784313725394e+00
1.430900459349802034e+01 2.886274509803921529e+00
1.440951909942394593e+01 2.886274509803921529e+00
1.440951909942394593e+01 2.870588235294117663e+00
1.450932034170319973e+01 2.870588235294117663e+00
1.450932034170319973e+01 2.854901960784313797e+00
1.460842293888171817e+01 2.854901960784313797e+00
1.460842293888171817e+01 2.839215686274509931e+00
1.470684101450456005e+01 2.839215686274509931e+00
1.470684101450456005e+01 2.823529411764705621e+00
1.480458822028374577e+01 2.823529411764705621e+00
1.480458822028374577e+01 2.807843137254901755e+00
1.490167775789026017e+01 2.807843137254901755e+00
1.490167775789026017e+01 2.792156862745097889e+00
1.499812239946785297e+01 2.792156862745097889e+00
1.499812239946785297e+01 2.776470588235294024e+00
1.509393450696085992e+01 2.776470588235294024e+00
1.509393450696085992e+01 2.760784313725490158e+00
1.518912605033650109e+01 2.760784313725490158e+00
1.518912605033650109e+01 2.745098039215686292e+00
1.528370862478026559e+01 2.745098039215686292e+00
1.528370862478026559e+01 2.729411764705882426e+00
1.537769346693245787e+01 2.729411764705882426e+00
1.537769346693245787e+01 2.713725490196078560e+00
1.547109147023176590e+01 2.713725490196078560e+00
1.547109147023176590e+01 2.698039215686274694e+00
1.556391319942385110e+01 2.698039215686274694e+00
1.556391319942385110e+01 2.682352941176470384e+00
1.565616890429163099e+01 2.682352941176470384e+00
1.565616890429163099e+01 2.666666666666666519e+00
1.574786853265543485e+01 2.666666666666666519e+00
1.574786853265543485e+01 2.650980392156862653e+00
1.583902174269215379e+01 2.650980392156862653e+00
1.583902174269215379e+01 2.635294117647058787e+00
1.592963791461485101e+01 2.635294117647058787e+00
1.592963791461485101e+01 2.619607843137254921e+00
1.601972616175376274e+01 2.619607843137254921e+00
1.601972616175376274e+01 2.603921568627451055e+00
1.610929534107576799e+01 2.603921568627451055e+00
1.610929534107576799e+01 2.588235294117647189e+00
1.619835406317621818e+01 2.588235294117647189e+00
1.619835406317621818e+01 2.572549019607842880e+00
1.628691070177559297e+01 2.572549019607842880e+00
1.628691070177559297e+01 2.556862745098039014e+00
1.637497340275066549e+01 2.556862745098039014e+00
1.637497340275066549e+01 2.541176470588235148e+00
1.646255009272730163e+01 2.541176470588235148e+00
1.646255009272730163e+01 2.525490196078431282e+00
1.654964848726111981e+01 2.525490196078431282e+00
1.654964848726111981e+01 2.509803921568627416e+00
1.663627609862963297e+01 2.509803921568627416e+00
1.663627609862963297e+01 2.494117647058823550e+00
1.672244024325850376e+01 2.494117647058823550e+00
1.672244024325850376e+01 2.478431372549019684e+00
1.680814804880211000e+01 2.478431372549019684e+00
1.680814804880211000e+01 2.462745098039215819e+00
1.689340646089868159e+01 2.462745098039215819e+00
1.689340646089868159e+01 2.447058823529411953e+00
1.697822224961733539e+01 2.447058823529411953e+00
1.697822224961733539e+01 2.431372549019607643e+00
1.706260201561454437e+01 2.431372549019607643e+00
1.706260201561454437e+01 2.415686274509803777e+00
1.714655219601563729e+01 2.415686274509803777e+00
1.714655219601563729e+01 2.399999999999999911e+00
1.723007907003646011e+01 2.399999999999999911e+00
1.723007907003646011e+01 2.384313725490196045e+00
1.731318876435854293e+01 2.384313725490196045e+00
1.731318876435854293e+01 2.368627450980392180e+00
1.739588725827170279e+01 2.368627450980392180e+00
1.739588725827170279e+01 2.352941176470588314e+00
1.747818038859513123e+01 2.352941176470588314e+00
1.747818038859513123e+01 2.337254901960784448e+00
1.756007385438984514e+01 2.337254901960784448e+00
1.756007385438984514e+01 2.321568627450980138e+00
1.764157322147224605e+01 2.321568627450980138e+00
1.764157322147224605e+01 2.305882352941176272e+00
1.772268392673892379e+01 2.305882352941176272e+00
1.772268392673892379e+01 2.290196078431372406e+00
1.780341128231323822e+01 2.290196078431372406e+00
1.780341128231323822e+01 2.274509803921568540e+00
1.788376047952133518e+01 2.274509803921568540e+00
1.788376047952133518e+01 2.258823529411764675e+00
1.796373659270711443e+01 2.258823529411764675e+00
1.796373659270711443e+01 2.243137254901960809e+00
1.804334458289329035e+01 2.243137254901960809e+00
1.804334458289329035e+01 2.227450980392156943e+00
1.812258930129653223e+01 2.227450980392156943e+00
1.812258930129653223e+01 2.211764705882353077e+00
1.820147549270373943e+01 2.211764705882353077e+00
1.820147549270373943e+01 2.196078431372549211e+00
1.828000779871570103e+01 2.196078431372549211e+00
1.828000779871570103e+01 2.180392156862744901e+00
1.835819076086484358e+01 2.180392156862744901e+00
1.835819076086484358e+01 2.164705882352941035e+00
1.843602882361281914e+01 2.164705882352941035e+00
1.843602882361281914e+01 2.149019607843137170e+00
1.851352633723371710e+01 2.149019607843137170e+00
1.851352633723371710e+01 2.133333333333333304e+00
1.859068756058782768e+01 2.133333333333333304e+00
1.859068756058782768e+01 2.117647058823529438e+00
1.866751666379130725e+01 2.117647058823529438e+00
1.866751666379130725e+01 2.101960784313725572e+00
1.874401773078658806e+01 2.101960784313725572e+00
1.874401773078658806e+01 2.086274509803921706e+00
1.882019476181743656e+01 2.086274509803921706e+00
1.882019476181743656e+01 2.070588235294117396e+00
1.889605167581379774e+01 2.070588235294117396e+00
1.889605167581379774e+01 2.054901960784313530e+00
1.897159231268933510e+01 2.054901960784313530e+00
1.897159231268933510e+01 2.039215686274509665e+00
1.904682043555683180e+01 2.039215686274509665e+00
1.904682043555683180e+01 2.023529411764705799e+00
1.912173973286375528e+01 2.023529411764705799e+00
1.912173973286375528e+01 2.007843137254901933e+00
1.919635382045246530e+01 2.007843137254901933e+00
1.919635382045246530e+01 1.992156862745098067e+00
1.927066624354758062e+01 1.992156862745098067e+00
1.927066624354758062e+01 1.976470588235294201e+00
1.934468047867400387e+01 1.976470588235294201e+00
1.934468047867400387e+01 1.960784313725490113e+00
1.941839993550865628e+01 1.960784313725490113e+00
1.941839993550865628e+01 1.945098039215686248e+00
1.949182795866818552e+01 1.945098039215686248e+00
1.949182795866818552e+01 1.929411764705882382e+00
1.956496782943584023e+01 1.929411764705882382e+00
1.956496782943584023e+01 1.913725490196078294e+00
1.963782276742976407e+01 1.913725490196078294e+00
1.963782276742976407e+01 1.898039215686274428e+00
1.971039593221533437e+01 1.898039215686274428e+00
1.971039593221533437e+01 1.882352941176470562e+00
1.978269042486338947e+01 1.882352941176470562e+00
1.978269042486338947e+01 1.866666666666666696e+00
1.985470928945721880e+01 1.866666666666666696e+00
1.985470928945721880e+01 1.850980392156862830e+00
1.992645551454946329e+01 1.850980392156862830e+00
1.992645551454946329e+01 1.835294117647058743e+00
1.999793203457200974e+01 1.835294117647058743e+00
1.999793203457200974e+01 1.819607843137254877e+00
2.006914173119988121e+01 1.819607843137254877e+00
2.006914173119988121e+01 1.803921568627451011e+00
2.014008743467119089e+01 1.803921568627451011e+00
2.014008743467119089e+01 1.788235294117646923e+00
2.021077192506503195e+01 1.788235294117646923e+00
2.021077192506503195e+01 1.772549019607843057e+00
2.028119793353878464e+01 1.772549019607843057e+00
2.028119793353878464e+01 1.756862745098039191e+00
2.035136814352641110e+01 1.756862745098039191e+00
2.035136814352641110e+01 1.741176470588235325e+00
2.042128519189936142e+01 1.741176470588235325e+00
2.042128519189936142e+01 1.725490196078431460e+00
2.049095167009138763e+01 1.725490196078431460e+00
2.049095167009138763e+01 1.709803921568627372e+00
2.056037012518832796e+01 1.709803921568627372e+00
2.056037012518832796e+01 1.694117647058823506e+00
2.062954306098506052e+01 1.694117647058823506e+00
2.062954306098506052e+01 1.678431372549019640e+00
2.069847293900977192e+01 1.678431372549019640e+00
2.069847293900977192e+01 1.662745098039215552e+00
2.076716217951762999e+01 1.662745098039215552e+00
2.076716217951762999e+01 1.647058823529411686e+00
2.083561316245431883e+01 1.647058823529411686e+00
2.083561316245431883e+01 1.631372549019607820e+00
2.090382822839099930e+01 1.631372549019607820e+00
2.090382822839099930e+01 1.615686274509803955e+00
2.097180967943147678e+01 1.615686274509803955e+00
2.097180967943147678e+01 1.600000000000000089e+00
2.103955978009283001e+01 1.600000000000000089e+00
2.103955978009283001e+01 1.584313725490196001e+00
2.110708075816000928e+01 1.584313725490196001e+00
2.110708075816000928e+01 1.568627450980392135e+00
2.117437480551574325e+01 1.568627450980392135e+00
2.117437480551574325e+01 1.552941176470588269e+00
2.124144407894660702e+01 1.552941176470588269e+00
2.124144407894660702e+01 1.537254901960784181e+00
2.130829070092565303e+01 1.537254901960784181e+00
2.130829070092565303e+01 1.521568627450980316e+00
2.137491676037312160e+01 1.521568627450980316e+00
2.137491676037312160e+01 1.505882352941176450e+00
2.144132431339509637e+01 1.505882352941176450e+00
2.144132431339509637e+01 1.490196078431372584e+00
2.150751538400194107e+01 1.490196078431372584e+00
2.150751538400194107e+01 1.474509803921568718e+00
2.157349196480614495e+01 1.474509803921568718e+00
2.157349196480614495e+01 1.458823529411764630e+00
2.163925601770114326e+01 1.458823529411764630e+00
2.163925601770114326e+01 1.443137254901960764e+00
2.170480947452106690e+01 1.443137254901960764e+00
2.170480947452106690e+01 1.427450980392156898e+00
2.177015423768252944e+01 1.427450980392156898e+00
2.177015423768252944e+01 1.411764705882352811e+00
2.183529218080899170e+01 1.411764705882352811e+00
2.183529218080899170e+01 1.396078431372548945e+00
2.190022514933795605e+01 1.396078431372548945e+00
2.190022514933795605e+01 1.380392156862745079e+00
2.196495496111192836e+01 1.380392156862745079e+00
2.196495496111192836e+01 1.364705882352941213e+00
2.202948340695348861e+01 1.364705882352941213e+00
2.202948340695348861e+01 1.349019607843137347e+00
2.209381225122516668e+01 1.349019607843137347e+00
2.209381225122516668e+01 1.333333333333333259e+00
2.215794323237423669e+01 1.333333333333333259e+00
2.215794323237423669e+01 1.317647058823529393e+00
2.222187806346337524e+01 1.317647058823529393e+00
2.222187806346337524e+01 1.301960784313725528e+00
2.228561843268736453e+01 1.301960784313725528e+00
2.228561843268736453e+01 1.286274509803921440e+00
2.234916600387628804e+01 1.286274509803921440e+00
2.234916600387628804e+01 1.270588235294117574e+00
2.241252241698570913e+01 1.270588235294117574e+00
2.241252241698570913e+01 1.254901960784313708e+00
2.247568928857442216e+01 1.254901960784313708e+00
2.247568928857442216e+01 1.239215686274509842e+00
2.253866821226967687e+01 1.239215686274509842e+00
2.253866821226967687e+01 1.223529411764705976e+00
2.260146075922074260e+01 1.223529411764705976e+00
2.260146075922074260e+01 1.207843137254901889e+00
2.266406847854108975e+01 1.207843137254901889e+00
2.266406847854108975e+01 1.192156862745098023e+00
2.272649289773913850e+01 1.192156862745098023e+00
2.272649289773913850e+01 1.176470588235294157e+00
2.278873552313861239e+01 1.176470588235294157e+00
2.278873552313861239e+01 1.160784313725490069e+00
2.285079784028810579e+01 1.160784313725490069e+00
2.285079784028810579e+01 1.145098039215686203e+00
2.291268131436074285e+01 1.145098039215686203e+00
2.291268131436074285e+01 1.129411764705882337e+00
2.297438739054384627e+01 1.129411764705882337e+00
2.297438739054384627e+01 1.113725490196078471e+00
2.303591749441918424e+01 1.113725490196078471e+00
2.303591749441918424e+01 1.098039215686274606e+00
2.309727303233392703e+01 1.098039215686274606e+00
2.309727303233392703e+01 1.082352941176470518e+00
2.315845539176255485e+01 1.082352941176470518e+00
2.315845539176255485e+01 1.066666666666666652e+00
2.321946594166017164e+01 1.066666666666666652e+00
2.321946594166017164e+01 1.050980392156862786e+00
2.328030603280721778e+01 1.050980392156862786e+00
2.328030603280721778e+01 1.035294117647058698e+00
2.334097699814617854e+01 1.035294117647058698e+00
2.334097699814617854e+01 1.019607843137254832e+00
2.340148015310998630e+01 1.019607843137254832e+00
2.340148015310998630e+01 1.003921568627450966e+00
2.346181679594307568e+01 1.003921568627450966e+00
2.346181679594307568e+01 9.882352941176471006e-01
2.352198820801459078e+01 9.882352941176471006e-01
2.352198820801459078e+01 9.725490196078431238e-01
2.358199565412437693e+01 9.725490196078431238e-01
2.358199565412437693e+01 9.568627450980391469e-01
2.364184038280203382e+01 9.568627450980391469e-01
2.364184038280203382e+01 9.411764705882352811e-01
2.370152362659881007e+01 9.411764705882352811e-01
2.370152362659881007e+01 9.254901960784314152e-01
2.376104660237292521e+01 9.254901960784314152e-01
2.376104660237292521e+01 9.098039215686274384e-01
2.382041051156839373e+01 9.098039215686274384e-01
2.382041051156839373e+01 8.941176470588234615e-01
2.387961654048744720e+01 8.941176470588234615e-01
2.387961654048744720e+01 8.784313725490195957e-01
2.393866586055684564e+01 8.784313725490195957e-01
2.393866586055684564e+01 8.627450980392157298e-01
2.399755962858812808e+01 8.627450980392157298e-01
2.399755962858812808e+01 8.470588235294117530e-01
2.405629898703202940e+01 8.470588235294117530e-01
2.405629898703202940e+01 8.313725490196077761e-01
2.411488506422741551e+01 8.313725490196077761e-01
2.411488506422741551e+01 8.156862745098039102e-01
2.417331897464440260e+01 8.156862745098039102e-01
2.417331897464440260e+01 8.000000000000000444e-01
2.423160181912230726e+01 8.000000000000000444e-01
2.423160181912230726e+01 7.843137254901960675e-01
2.428973468510233857e+01 7.843137254901960675e-01
2.428973468510233857e+01 7.686274509803920907e-01
2.434771864685517784e+01 7.686274509803920907e-01
2.434771864685517784e+01 7.529411764705882248e-01
2.440555476570364135e+01 7.529411764705882248e-01
2.440555476570364135e+01 7.372549019607843590e-01
2.446324409024045465e+01 7.372549019607843590e-01
2.446324409024045465e+01 7.215686274509803821e-01
2.452078765654138337e+01 7.215686274509803821e-01
2.452078765654138337e+01 7.058823529411764053e-01
2.457818648837388054e+01 7.058823529411764053e-01
2.457818648837388054e+01 6.901960784313725394e-01
2.463544159740111539e+01 6.901960784313725394e-01
2.463544159740111539e+01 6.745098039215686736e-01
2.469255398338174601e+01 6.745098039215686736e-01
2.469255398338174601e+01 6.588235294117646967e-01
2.474952463436552108e+01 6.588235294117646967e-01
2.474952463436552108e+01 6.431372549019607199e-01
2.480635452688471076e+01 6.431372549019607199e-01
2.480635452688471076e+01 6.274509803921568540e-01
2.486304462614154787e+01 6.274509803921568540e-01
2.486304462614154787e+01 6.117647058823529882e-01
2.491959588619169708e+01 6.117647058823529882e-01
2.491959588619169708e+01 5.960784313725490113e-01
2.497600925012406137e+01 5.960784313725490113e-01
2.497600925012406137e+01 5.803921568627450345e-01
2.503228565023671592e+01 5.803921568627450345e-01
2.503228565023671592e+01 5.647058823529411686e-01
2.508842600820936042e+01 5.647058823529411686e-01
2.508842600820936042e+01 5.490196078431373028e-01
2.514443123527210489e+01 5.490196078431373028e-01
2.514443123527210489e+01 5.333333333333333259e-01
2.520030223237101907e+01 5.333333333333333259e-01
2.520030223237101907e+01 5.176470588235293491e-01
2.525603989033008645e+01 5.176470588235293491e-01
2.525603989033008645e+01 5.019607843137254832e-01
2.531164509001003182e+01 5.019607843137254832e-01
2.531164509001003182e+01 4.862745098039215619e-01
2.536711870246396572e+01 4.862745098039215619e-01
2.536711870246396572e+01 4.705882352941176405e-01
2.542246158908987042e+01 4.705882352941176405e-01
2.542246158908987042e+01 4.549019607843137192e-01
2.547767460178000931e+01 4.549019607843137192e-01
2.547767460178000931e+01 4.392156862745097978e-01
2.553275858306748347e+01 4.392156862745097978e-01
2.553275858306748347e+01 4.235294117647058765e-01
2.558771436626981810e+01 4.235294117647058765e-01
2.558771436626981810e+01 4.078431372549019551e-01
2.564254277562970330e+01 4.078431372549019551e-01
2.564254277562970330e+01 3.921568627450980338e-01
2.569724462645306673e+01 3.921568627450980338e-01
2.569724462645306673e+01 3.764705882352941124e-01
2.575182072524441068e+01 3.764705882352941124e-01
2.575182072524441068e+01 3.607843137254901911e-01
2.580627186983946686e+01 3.607843137254901911e-01
2.580627186983946686e+01 3.450980392156862697e-01
2.586059884953541754e+01 3.450980392156862697e-01
2.586059884953541754e+01 3.294117647058823484e-01
2.591480244521846643e+01 3.294117647058823484e-01
2.591480244521846643e+01 3.137254901960784270e-01
2.596888342948908956e+01 3.137254901960784270e-01
2.596888342948908956e+01 2.980392156862745057e-01
2.602284256678485264e+01 2.980392156862745057e-01
2.602284256678485264e+01 2.823529411764705843e-01
2.607668061350083022e+01 2.823529411764705843e-01
2.607668061350083022e+01 2.666666666666666630e-01
2.613039831810787561e+01 2.666666666666666630e-01
2.613039831810787561e+01 2.509803921568627416e-01
2.618399642126852100e+01 2.509803921568627416e-01
2.618399642126852100e+01 2.352941176470588203e-01
2.623747565595089526e+01 2.352941176470588203e-01
2.623747565595089526e+01 2.196078431372548989e-01
2.629083674754022937e+01 2.196078431372548989e-01
2.629083674754022937e+01 2.039215686274509776e-01
2.634408041394863886e+01 2.039215686274509776e-01
2.634408041394863886e+01 1.882352941176470562e-01
2.639720736572255788e+01 1.882352941176470562e-01
2.639720736572255788e+01 1.725490196078431349e-01
2.645021830614834712e+01 1.725490196078431349e-01
2.645021830614834712e+01 1.568627450980392135e-01
2.650311393135602245e+01 1.568627450980392135e-01
2.650311393135602245e+01 1.411764705882352922e-01
2.655589493042090155e+01 1.411764705882352922e-01
2.655589493042090155e+01 1.254901960784313708e-01
2.660856198546353824e+01 1.254901960784313708e-01
2.660856198546353824e+01 1.098039215686274495e-01
2.666111577174780578e+01 1.098039215686274495e-01
2.666111577174780578e+01 9.411764705882352811e-02
2.671355695777721806e+01 9.411764705882352811e-02
2.671355695777721806e+01 7.843137254901960675e-02
2.676588620538950636e+01 7.843137254901960675e-02
2.676588620538950636e+01 6.274509803921568540e-02
2.681810416984946599e+01 6.274509803921568540e-02
2.681810416984946599e+01 4.705882352941176405e-02
2.687021149994017577e+01 4.705882352941176405e-02
2.687021149994017577e+01 3.137254901960784270e-02
2.692220883805267917e+01 3.137254901960784270e-02
2.692220883805267917e+01 1.568627450980392135e-02
2.697409682027390332e+01 1.568627450980392135e-02
2.697409682027390332e+01 0.000000000000000000e+00
2.700000000000000000e+01 0.000000000000000000e+00
6.700000000000000000e+01 0.000000000000000000e+00
