# CDF (-)  Resistance No powershift (kOhm)
0.000000000000000000e+00 8.474576271186441190e+00
3.225806451612903136e-02 8.771929824561404132e+00
6.451612903225806273e-02 8.928571428571428825e+00
9.677419354838709409e-02 1.234567901234567877e+01
1.290322580645161255e-01 1.428571428571428648e+01
1.612903225806451568e-01 1.587301587301587347e+01
1.935483870967741882e-01 1.666666666666666785e+01
2.258064516129032195e-01 1.818181818181818343e+01
2.580645161290322509e-01 1.851851851851851904e+01
2.903225806451613100e-01 2.127659574468085069e+01
3.225806451612903136e-01 2.325581395348837077e+01
3.548387096774193727e-01 2.325581395348837077e+01
3.870967741935483764e-01 2.325581395348837077e+01
4.193548387096774355e-01 2.500000000000000000e+01
4.516129032258064391e-01 2.857142857142857295e+01
4.838709677419354982e-01 3.333333333333333570e+01
5.161290322580645018e-01 3.333333333333333570e+01
5.483870967741935054e-01 3.333333333333333570e+01
5.806451612903226200e-01 3.333333333333333570e+01
6.129032258064516236e-01 3.448275862068965836e+01
6.451612903225806273e-01 4.000000000000000000e+01
6.774193548387096309e-01 4.166666666666666430e+01
7.096774193548387455e-01 4.347826086956521863e+01
7.419354838709677491e-01 4.347826086956521863e+01
7.741935483870967527e-01 5.555555555555555713e+01
8.064516129032257563e-01 6.666666666666667140e+01
8.387096774193548709e-01 7.142857142857143060e+01
8.709677419354838745e-01 7.692307692307691980e+01
9.032258064516128782e-01 8.333333333333332860e+01
9.354838709677418818e-01 1.000000000000000000e+02
9.677419354838709964e-01 1.000000000000000000e+02
